Decision Tree:
  accuracy: 1.0
  precision: 1.0
  recall: 1.0
  f1: 1.0

Random Forest:
  accuracy: 1.0
  precision: 1.0
  recall: 1.0
  f1: 1.0

SVM:
  accuracy: 0.9574468085106383
  precision: 0.9633569739952719
  recall: 0.9574468085106383
  f1: 0.9573510900169223

